[gd_scene load_steps=12 format=3 uid="uid://c14p26muqnrl0"]

[ext_resource type="PackedScene" uid="uid://ybnrb2sa4r6q" path="res://player.tscn" id="1_kucdj"]
[ext_resource type="Shader" uid="uid://bvgstsbmjaal0" path="res://Materials/World/DetailTexture.gdshader" id="2_u8qcd"]
[ext_resource type="Texture2D" uid="uid://btwfu465jeocp" path="res://Textures/World/grass_pattern.png" id="3_33aws"]
[ext_resource type="Texture2D" uid="uid://b3qg3lstbkbs0" path="res://Textures/World/grass_stripe_pattern.png" id="4_qrtn5"]
[ext_resource type="Material" uid="uid://bu7btmmt1denc" path="res://Materials/World/BrickWall.tres" id="5_efvgw"]
[ext_resource type="PackedScene" uid="uid://b6e82j82ym542" path="res://gates_lockable.tscn" id="6_rp5i6"]
[ext_resource type="PackedScene" uid="uid://c825hvtp12olc" path="res://Models/Barricade/tall_barricade_model.tscn" id="7_88qnd"]
[ext_resource type="Environment" uid="uid://w3i6qhspr1uu" path="res://Materials/World/ArtTestSky.tres" id="8_33aws"]

[sub_resource type="WorldBoundaryShape3D" id="WorldBoundaryShape3D_4qot1"]
plane = Plane(0, 0, 1, 0)

[sub_resource type="QuadMesh" id="QuadMesh_vfo55"]

[sub_resource type="ShaderMaterial" id="ShaderMaterial_08kxg"]
render_priority = 0
shader = ExtResource("2_u8qcd")
shader_parameter/texture1 = ExtResource("3_33aws")
shader_parameter/tex1blend_amount = 1.0
shader_parameter/tex1_resolution = 5.0100000742824795
shader_parameter/tex1_uvscale = Vector2(2, 1)
shader_parameter/tex1_offset = Vector2(0, 0)
shader_parameter/tex1_rotation = 0.0
shader_parameter/texture2 = ExtResource("4_qrtn5")
shader_parameter/tex2blend_amount = 0.99999997392268
shader_parameter/tex2_resolution = 10.0
shader_parameter/tex2_uvscale = Vector2(1, 0.5)
shader_parameter/tex2_offset = Vector2(0, 0)
shader_parameter/tex2_rotation = 0.0

[node name="ArtTest" type="Node3D"]

[node name="Player" parent="." instance=ExtResource("1_kucdj")]
transform = Transform3D(1, 0, -1.7484555e-07, 0, 1, 0, 1.7484555e-07, 0, 1, 3.4047241, 0.1343211, -46.589977)
linear_damp = 3.0

[node name="StaticBody3D" type="StaticBody3D" parent="."]

[node name="CollisionShape3D" type="CollisionShape3D" parent="StaticBody3D"]
transform = Transform3D(100, 0, 0, 0, -4.371139e-06, 100, 0, -100, -4.371139e-06, 0, 0, 0)
shape = SubResource("WorldBoundaryShape3D_4qot1")
debug_color = Color(0, 0.60038817, 0.70000815, 0.54700005)

[node name="MeshInstance3D" type="MeshInstance3D" parent="StaticBody3D/CollisionShape3D"]
mesh = SubResource("QuadMesh_vfo55")
skeleton = NodePath("../../..")
surface_material_override/0 = SubResource("ShaderMaterial_08kxg")

[node name="Wall" type="CSGBox3D" parent="."]
transform = Transform3D(1, 0, 0, 0, 1, 0, 0, 0, 0.6, 7.375, 1.5, -35.3125)
size = Vector3(5, 3, 0.875)
material = ExtResource("5_efvgw")

[node name="Wall2" type="CSGBox3D" parent="."]
transform = Transform3D(1, 0, 0, 0, 1, 0, 0, 0, 0.6, -0.875, 1.5, -35.3125)
size = Vector3(5, 3, 0.875)
material = ExtResource("5_efvgw")

[node name="Gates" parent="." instance=ExtResource("6_rp5i6")]
transform = Transform3D(1, 0, 0, 0, 1, 0, 0, 0, 1, 3.25, 0, -35.375)

[node name="Barricades" type="Node3D" parent="."]
transform = Transform3D(1.0000001, 0, 0, 0, 1, 0, 0, 0, 1.0000001, -5.2000003, 2.125, -42.074997)

[node name="TallBarricade" parent="Barricades" instance=ExtResource("7_88qnd")]
transform = Transform3D(0.4999999, 0, -0.8660253, 0, 1, 0, 0.8660253, 0, 0.4999999, 1.2000003, 0, 5.324997)

[node name="TallBarricade2" parent="Barricades" instance=ExtResource("7_88qnd")]
transform = Transform3D(0.25881895, 0, -0.9659257, 0, 1, 0, 0.9659257, 0, 0.25881895, 0.37500048, 0, 3.2749977)

[node name="TallBarricade3" parent="Barricades" instance=ExtResource("7_88qnd")]
transform = Transform3D(0.08715566, 0, -0.99619454, 0, 1, 0, 0.99619454, 0, 0.08715566, -0.012499809, 0, 1.0875015)

[node name="TallBarricade4" parent="Barricades" instance=ExtResource("7_88qnd")]
transform = Transform3D(-0.087155804, 0, -0.9961945, 0, 1, 0, 0.9961945, 0, -0.087155804, 0, 0, -1.125)

[node name="TallBarricade5" parent="Barricades" instance=ExtResource("7_88qnd")]
transform = Transform3D(-0.25881907, 0, -0.9659257, 0, 1, 0, 0.9659257, 0, -0.25881907, 0.3874998, 0, -3.300003)

[node name="TallBarricade6" parent="Barricades" instance=ExtResource("7_88qnd")]
transform = Transform3D(-0.25881907, 0, -0.9659257, 0, 1, 0, 0.9659257, 0, -0.25881907, 0.9624996, 0, -5.4500046)

[node name="Barricades2" type="Node3D" parent="."]
transform = Transform3D(-1.0000001, 0, 8.7422784e-08, 0, 1, 0, -8.7422784e-08, 0, -1.0000001, 11.174999, 2.125, -42.324997)

[node name="TallBarricade" parent="Barricades2" instance=ExtResource("7_88qnd")]
transform = Transform3D(0.4999999, 0, -0.8660253, 0, 1, 0, 0.8660253, 0, 0.4999999, 1.2000003, 0, 5.324997)

[node name="TallBarricade2" parent="Barricades2" instance=ExtResource("7_88qnd")]
transform = Transform3D(0.25881895, 0, -0.9659257, 0, 1, 0, 0.9659257, 0, 0.25881895, 0.37500048, 0, 3.2749977)

[node name="TallBarricade3" parent="Barricades2" instance=ExtResource("7_88qnd")]
transform = Transform3D(0.08715566, 0, -0.99619454, 0, 1, 0, 0.99619454, 0, 0.08715566, -0.012499809, 0, 1.0875015)

[node name="TallBarricade4" parent="Barricades2" instance=ExtResource("7_88qnd")]
transform = Transform3D(-0.087155804, 0, -0.9961945, 0, 1, 0, 0.9961945, 0, -0.087155804, 0, 0, -1.125)

[node name="TallBarricade5" parent="Barricades2" instance=ExtResource("7_88qnd")]
transform = Transform3D(-0.25881907, 0, -0.9659257, 0, 1, 0, 0.9659257, 0, -0.25881907, 0.3874998, 0, -3.300003)

[node name="TallBarricade6" parent="Barricades2" instance=ExtResource("7_88qnd")]
transform = Transform3D(-0.25881907, 0, -0.9659257, 0, 1, 0, 0.9659257, 0, -0.25881907, 0.9624996, 0, -5.4500046)

[node name="DirectionalLight3D" type="DirectionalLight3D" parent="."]
transform = Transform3D(0.71151626, 0.24574082, -0.658298, 0.69065034, -0.41711694, 0.59077555, -0.12940955, -0.87500006, -0.46650648, 0, 4.8695507, 0)
shadow_enabled = true

[node name="WorldEnvironment" type="WorldEnvironment" parent="."]
environment = ExtResource("8_33aws")
